[gd_scene load_steps=13 format=2]

[ext_resource path="res://characters/enemies/raw_assets/furneck.glb" type="PackedScene" id=1]
[ext_resource path="res://characters/Hitbox.tscn" type="PackedScene" id=2]
[ext_resource path="res://characters/enemies/Beast.gd" type="Script" id=3]
[ext_resource path="res://characters/HealthManager.tscn" type="PackedScene" id=4]
[ext_resource path="res://characters/CharacterMover.tscn" type="PackedScene" id=5]

[sub_resource type="CapsuleShape" id=1]
radius = 0.739835
height = 1.54067

[sub_resource type="CapsuleShape" id=6]
radius = 0.354471
height = 0.65138

[sub_resource type="CapsuleShape" id=7]
radius = 0.233015
height = 0.802881

[sub_resource type="CapsuleShape" id=2]
radius = 0.22247
height = 0.434722

[sub_resource type="CapsuleShape" id=3]
radius = 0.180114
height = 0.543487

[sub_resource type="CapsuleShape" id=4]
radius = 0.22247
height = 0.184697

[sub_resource type="CapsuleShape" id=5]
radius = 0.225805
height = 0.002

[node name="Furneck" type="KinematicBody"]
collision_layer = 2
collision_mask = 3
script = ExtResource( 3 )

[node name="CollisionShape" type="CollisionShape" parent="."]
transform = Transform( 1, 0, 0, 0, -1.62921e-07, 1, 0, -1, -1.62921e-07, 0, 1.46626, -7.59628e-08 )
shape = SubResource( 1 )

[node name="Graphics" parent="." instance=ExtResource( 1 )]

[node name="Body" type="BoneAttachment" parent="Graphics/Armature/Skeleton" index="1"]
transform = Transform( 1, -7.10543e-15, 2.38419e-07, -7.10543e-15, 1, 5.96046e-08, -2.38419e-07, -5.96046e-08, 1, 0, 0.447027, 0 )
bone_name = "body"

[node name="Hitbox" parent="Graphics/Armature/Skeleton/Body" instance=ExtResource( 2 )]

[node name="CollisionShape" type="CollisionShape" parent="Graphics/Armature/Skeleton/Body/Hitbox"]
transform = Transform( 1, -2.23517e-08, -1.47149e-07, 1.30385e-08, -1.93715e-07, -1, 2.84217e-14, 1, -2.5332e-07, 0.0112844, 0.698863, -0.00386345 )
shape = SubResource( 6 )

[node name="Head" type="BoneAttachment" parent="Graphics/Armature/Skeleton" index="2"]
transform = Transform( 1, -7.10543e-15, 2.38419e-07, 3.68644e-09, 0.99988, -0.015462, -2.3839e-07, 0.015462, 0.99988, -9.49798e-15, 1.78375, -7.96748e-08 )
bone_name = "head"

[node name="Hitbox" parent="Graphics/Armature/Skeleton/Head" instance=ExtResource( 2 )]
weak_spot = true

[node name="CollisionShape" type="CollisionShape" parent="Graphics/Armature/Skeleton/Head/Hitbox"]
transform = Transform( 0.999686, 2.40652e-09, 0.0250436, 0.0250436, -1.91852e-07, -0.999686, 2.38651e-09, 1, -1.91852e-07, 0.0112845, 0.565187, -0.00386348 )
shape = SubResource( 7 )

[node name="ArmUL" type="BoneAttachment" parent="Graphics/Armature/Skeleton" index="3"]
transform = Transform( -0.893952, 0.448163, 1.3078e-06, -0.43458, -0.866857, -0.244335, -0.109501, -0.218425, 0.969691, 0.26125, 1.66039, 1.50766e-07 )
bone_name = "upper_arml"

[node name="Hitbox" parent="Graphics/Armature/Skeleton/ArmUL" instance=ExtResource( 2 )]

[node name="CollisionShape" type="CollisionShape" parent="Graphics/Armature/Skeleton/ArmUL/Hitbox"]
transform = Transform( 1, -2.23517e-08, -1.47149e-07, 1.30385e-08, -1.93715e-07, -1, 0, 1, -2.5332e-07, 0.0112845, 0.235477, -0.00386354 )
shape = SubResource( 2 )

[node name="ArmUR" type="BoneAttachment" parent="Graphics/Armature/Skeleton" index="4"]
transform = Transform( -0.906547, -0.422104, 0.00125058, 0.415055, -0.890862, 0.184645, -0.0768253, 0.167909, 0.982804, -0.26125, 1.66039, 1.50766e-07 )
bone_name = "upper_armr"

[node name="Hitbox" parent="Graphics/Armature/Skeleton/ArmUR" instance=ExtResource( 2 )]

[node name="CollisionShape" type="CollisionShape" parent="Graphics/Armature/Skeleton/ArmUR/Hitbox"]
transform = Transform( 1, -2.23517e-08, -1.47149e-07, 1.30385e-08, -1.93715e-07, -1, 0, 1, -2.5332e-07, 0.0112845, 0.235477, -0.00386354 )
shape = SubResource( 2 )

[node name="ArmLL" type="BoneAttachment" parent="Graphics/Armature/Skeleton" index="5"]
transform = Transform( -0.972224, 0.234054, 1.21627e-06, -0.232949, -0.967637, 0.0970246, 0.0227102, 0.0943293, 0.995282, 0.534111, 1.13261, -0.132986 )
bone_name = "lower_arml"

[node name="Hitbox" parent="Graphics/Armature/Skeleton/ArmLL" instance=ExtResource( 2 )]

[node name="CollisionShape" type="CollisionShape" parent="Graphics/Armature/Skeleton/ArmLL/Hitbox"]
transform = Transform( 1, -2.23517e-08, -1.47149e-07, 1.30385e-08, -1.93715e-07, -1, 0, 1, -2.5332e-07, 0.0112845, 0.235477, -0.00386354 )
shape = SubResource( 3 )

[node name="ArmLR" type="BoneAttachment" parent="Graphics/Armature/Skeleton" index="6"]
transform = Transform( -0.984852, -0.173355, -0.00398231, 0.15812, -0.907253, 0.389731, -0.0711745, 0.383197, 0.92092, -0.518245, 1.11799, 0.10223 )
bone_name = "lower_armr"

[node name="Hitbox" parent="Graphics/Armature/Skeleton/ArmLR" instance=ExtResource( 2 )]

[node name="CollisionShape" type="CollisionShape" parent="Graphics/Armature/Skeleton/ArmLR/Hitbox"]
transform = Transform( 1, -2.23517e-08, -1.47149e-07, 1.30385e-08, -1.93715e-07, -1, 0, 1, -2.5332e-07, 0.0112845, 0.235477, -0.00386354 )
shape = SubResource( 3 )

[node name="LegUL" type="BoneAttachment" parent="Graphics/Armature/Skeleton" index="7"]
transform = Transform( -0.975973, 0.217888, 7.29786e-06, -0.19747, -0.884533, 0.42262, 0.09209, 0.412464, 0.906307, 0.191583, 0.539916, 6.70059e-08 )
bone_name = "upper_legl"

[node name="Hitbox" parent="Graphics/Armature/Skeleton/LegUL" instance=ExtResource( 2 )]

[node name="CollisionShape" type="CollisionShape" parent="Graphics/Armature/Skeleton/LegUL/Hitbox"]
transform = Transform( 1, -3.72529e-08, -8.19564e-08, 1.86265e-08, 0, -1, 0, 1, -1.49012e-07, 0.0112845, 0.1264, -0.00386359 )
shape = SubResource( 4 )

[node name="LegUR" type="BoneAttachment" parent="Graphics/Armature/Skeleton" index="8"]
transform = Transform( -0.975973, -0.217888, -7.07804e-06, 0.197476, -0.884532, -0.422618, 0.0920768, -0.412465, 0.906308, -0.191583, 0.539916, 6.70059e-08 )
bone_name = "upper_legr"

[node name="Hitbox" parent="Graphics/Armature/Skeleton/LegUR" instance=ExtResource( 2 )]

[node name="CollisionShape" type="CollisionShape" parent="Graphics/Armature/Skeleton/LegUR/Hitbox"]
transform = Transform( 1, -3.72529e-08, -8.19564e-08, 1.86265e-08, 0, -1, 0, 1, -1.49012e-07, 0.0112845, 0.1264, -0.00386359 )
shape = SubResource( 4 )

[node name="LegLL" type="BoneAttachment" parent="Graphics/Armature/Skeleton" index="9"]
transform = Transform( -0.996729, 0.080816, 7.00898e-06, -0.0808158, -0.996729, 1.01328e-06, 6.94022e-06, 3.8743e-07, 1, 0.26125, 0.257099, 0.13188 )
bone_name = "lower_legl"

[node name="Hitbox" parent="Graphics/Armature/Skeleton/LegLL" instance=ExtResource( 2 )]

[node name="CollisionShape" type="CollisionShape" parent="Graphics/Armature/Skeleton/LegLL/Hitbox"]
transform = Transform( 1, -3.72538e-08, -8.94108e-08, 1.49042e-08, 1.13687e-13, -1, 0, 1, -1.49011e-07, 0.0112845, 0.0874202, -0.00386356 )
shape = SubResource( 5 )

[node name="LegLR" type="BoneAttachment" parent="Graphics/Armature/Skeleton" index="10"]
transform = Transform( -0.996728, -0.0808158, -6.74271e-06, 0.0808155, -0.996729, 5.96046e-08, -6.86198e-06, -4.76837e-07, 1, -0.26125, 0.257099, -0.13188 )
bone_name = "lower_legr"

[node name="Hitbox" parent="Graphics/Armature/Skeleton/LegLR" instance=ExtResource( 2 )]

[node name="CollisionShape" type="CollisionShape" parent="Graphics/Armature/Skeleton/LegLR/Hitbox"]
transform = Transform( 1, -3.72538e-08, -8.94108e-08, 1.49042e-08, 1.13687e-13, -1, 0, 1, -1.49011e-07, 0.0112845, 0.0874202, -0.00386356 )
shape = SubResource( 5 )

[node name="HealthManager" parent="." instance=ExtResource( 4 )]
transform = Transform( 1, 0, 0, 0, -1.62921e-07, 1, 0, -1, -1.62921e-07, 0, 1.46626, -7.59628e-08 )
max_health = 20

[node name="CharacterMover" parent="." instance=ExtResource( 5 )]
move_accel = 1
max_speed = 5
ignore_rotation = true

[editable path="Graphics"]
